2.599490540347750844e-01
4.554356238929392342e-01
2.143378140101049878e-01
2.071883319767606757e-01
2.511687304752293626e-01
1.621010278251614478e-01
2.972180034503045798e-01
3.561955602249093911e-01
2.455396791088932940e-01
2.662872920392229670e-01
3.144391879480482599e-01
2.538561809772333921e-01
2.338529884520366142e-01
1.810994397103175002e-01
3.157151230506046735e-01
2.543939824845758979e-01
2.851704942587276470e-01
2.326370938975439451e-01
1.358297185232533177e-01
2.923052333842925954e-01
1.788504972774787039e-01
2.358756744467039868e-01
2.597237882152437782e-01
3.186881233256322332e-01
3.081312221500952520e-01
2.363835923462498378e-01
3.657321406306318634e-01
3.242986845786380856e-01
2.793566101252350498e-01
2.550874394105286935e-01
1.569762948816557646e-01
3.176545196779143598e-01
4.039491345564514280e-01
2.750618003753889651e-01
2.964285677451364842e-01
3.115351957197048938e-01
2.158274889241352801e-01
2.943208667021864899e-01
1.639612885159396072e-01
2.909933840208094313e-01
2.162649381903832824e-01
2.420366777570237549e-01
1.838931319041599011e-01
2.543925871041006204e-01
2.552495640686499589e-01
3.312537093462248894e-01
3.092229086938375060e-01
2.224170522280194406e-01
2.523210784857711220e-01
2.506486695590171010e-01
3.146196011974560225e-01
2.799991441466838094e-01
1.450812433014444514e-01
2.256833387170219529e-01
1.813766041601569956e-01
2.140127951069376033e-01
2.612289452953014957e-01
1.952770531423704270e-01
1.794818248724373566e-01
1.715263219550473561e-01
2.902654737498592263e-01
2.229153806028623119e-01
2.542951921587439656e-01
2.820656161857020283e-01
2.228460873200782677e-01
2.988509786163684456e-01
2.883642163674656755e-01
1.953240617429429227e-01
2.343091508207704177e-01
1.730420746677459043e-01
3.067963426724484854e-01
3.283068578051727693e-01
2.676387554588648410e-01
3.326778228874441856e-01
3.364777992503040771e-01
2.059233389403698489e-01
2.630457531611670730e-01
2.087319467055633870e-01
2.747814796987850805e-01
3.003064941304015578e-01
2.416207734567724641e-01
2.027400307645237376e-01
4.253566721460337874e-01
2.482423562336003586e-01
2.180301129049968534e-01
1.811822675027213725e-01
1.694026546673704781e-01
2.259346790611707068e-01
2.161134681270858726e-01
2.073178000951722000e-01
1.760130756889517478e-01
2.746725356890311609e-01
3.334401102865593991e-01
1.345651981112165885e-01
3.608061304587808493e-01
2.393202403104524034e-01
2.256194210933951672e-01
2.538720583659512808e-01
