2.321688125686729443e-01
4.501301982579881678e-01
2.100038210165668939e-01
2.063478486346189689e-01
2.433029665548218645e-01
1.618419624299799464e-01
2.930317499519641267e-01
3.298146903920411432e-01
2.420506048878358074e-01
2.651545909748708185e-01
3.134092477331755777e-01
2.288696095303420774e-01
2.303084835983570944e-01
1.755242296790242573e-01
2.967113069246903878e-01
2.271960218825150868e-01
2.835195919141850762e-01
2.293579899103385111e-01
1.323041268879390220e-01
2.893976928284923700e-01
1.738904740609504840e-01
2.321247544630105075e-01
2.558559356441068022e-01
3.179791756054552998e-01
3.047586442243459537e-01
2.235086574408833293e-01
3.629913384019739508e-01
2.913180922805307382e-01
2.778717339024299182e-01
2.172279947328830119e-01
1.393247492468699944e-01
3.106264656000224944e-01
3.977060950976977205e-01
2.440231131779039275e-01
2.962636758413612625e-01
2.610828244938228071e-01
1.997844360246804341e-01
2.723747065872464956e-01
1.417840227550499765e-01
2.856049079265408075e-01
1.966613484513826116e-01
2.338187425937585662e-01
1.838541766225064711e-01
2.413913229978034147e-01
2.245922730759168928e-01
3.306947608205567102e-01
2.961597619562007511e-01
2.084788540096197407e-01
2.443525367411137905e-01
2.480650714966172732e-01
3.022684847073351389e-01
2.763511012600892158e-01
1.446906598295449875e-01
2.256822945084455689e-01
1.715173609245794761e-01
2.059245917758999456e-01
2.554581366086524641e-01
1.853997902645108109e-01
1.793793828214513830e-01
1.703787710942714639e-01
2.728457985301585564e-01
2.176529097041257632e-01
2.367793018631648705e-01
2.802121135996592516e-01
2.154935581848334003e-01
2.592282380674045816e-01
2.808825215095760441e-01
1.711107921348095084e-01
2.001035663881506332e-01
1.693550364664039298e-01
3.028048689550625339e-01
3.138249373048912494e-01
2.670851641889265826e-01
3.237803867423374449e-01
3.321294314630435229e-01
2.042897292990103475e-01
2.577961721429391506e-01
2.018863135018984512e-01
2.592023769609121953e-01
2.572077052283903154e-01
2.415503405065581033e-01
2.026772066718707244e-01
4.193398795878037211e-01
2.455416972501858197e-01
2.053290312656922412e-01
1.511142466596744338e-01
1.643314881996561505e-01
2.245646648909254139e-01
1.830402018653970453e-01
1.867199038838346370e-01
1.641380277858488501e-01
2.703120778544355618e-01
3.274019245091034369e-01
1.007575254738160009e-01
3.139078542814756068e-01
2.288048546635219616e-01
2.078427007943488558e-01
2.375243943819215220e-01
