1.520057169053987689e-01
4.493334723731252645e-01
1.886236212244665200e-01
1.753550439818352125e-01
2.191506560989980867e-01
1.540995349619251886e-01
2.746974963775612455e-01
3.125826257359642923e-01
2.112026562837635568e-01
2.514681177185033034e-01
2.943878580973746661e-01
2.073676882194699367e-01
1.865548980218058039e-01
8.168488784659877489e-02
2.837752855257013040e-01
1.520902552049432366e-01
2.810912211634015723e-01
2.134219414560027950e-01
1.242779549566719322e-01
2.830963621688785681e-01
1.710914786240000929e-01
1.706491422219665877e-01
2.159654082817011878e-01
2.847761640636261582e-01
2.972530258874523934e-01
2.213428353937150206e-01
3.492325277360572855e-01
2.384151653484122280e-01
2.609393156878573317e-01
1.800998345391756628e-01
1.307168867091982323e-01
2.953202364445532968e-01
2.836942405824984803e-01
2.408689927471501235e-01
2.764228655116395261e-01
1.473787894407603272e-01
1.687666034802235426e-01
2.646694907964156629e-01
8.571595194236802939e-02
2.807257258640043496e-01
1.298840797085372145e-01
2.065781030612316993e-01
1.666841845614422946e-01
2.250535240754635291e-01
1.335832775521554883e-01
3.210187338141051727e-01
2.623002037414405851e-01
1.466174672259509260e-01
2.424481651535582705e-01
2.389031490873322339e-01
3.017013110289423761e-01
2.396298850096268973e-01
1.389558861033374226e-01
1.880288761945723142e-01
1.605541639888651284e-01
1.839427444519230459e-01
2.448873117616355843e-01
1.667053681160766132e-01
1.606489950516775123e-01
1.659316002294854986e-01
2.503432830060752234e-01
1.928532804749237828e-01
1.709354208435782674e-01
2.597908812789258004e-01
2.038551286755462266e-01
2.257642179555051642e-01
2.691755104721148539e-01
1.492263440614599590e-01
1.843176572798811419e-01
1.630250890888808035e-01
2.791206362743005043e-01
2.589981736578266247e-01
2.252039437175706871e-01
3.221044700195921928e-01
3.292110113334787425e-01
1.903485977602001888e-01
2.300915831190629701e-01
1.370315665361784285e-01
1.818279423421924612e-01
2.355289683092106623e-01
2.396134329010437547e-01
1.649028647230560418e-01
3.056875849103423137e-01
2.155357945006234344e-01
1.983709376676819902e-01
1.283791272645827819e-01
1.307889885737519853e-01
1.996981112114540879e-01
1.562321895587674980e-01
1.474063167129571195e-01
1.588510653146132379e-01
2.594115153184032296e-01
3.250998458315262907e-01
3.242119909042417980e-02
1.839022764109131680e-01
2.128602492580726757e-01
2.041377754983025872e-01
2.223680017571871836e-01
